106 184 95 110 137 190 58 129 155 64 
120 157 16 174 129 128 128 121 12 50 
170 181 191 4 89 87 101 86 39 100 
171 120 198 36 136 79 83 82 56 167 
188 20 184 87 164 121 29 10 9 56 
89 131 63 160 80 105 136 120 166 54 
13 132 192 18 191 106 137 129 173 109 
26 126 55 42 7 64 15 140 152 161 
39 134 176 149 51 14 56 27 87 74 
105 132 103 111 189 32 30 65 113 198 
91 26 106 144 47 118 103 153 116 172 
21 19 140 115 36 148 183 26 174 73 
175 181 113 107 183 120 185 1 56 67 
3 35 57 194 4 173 134 117 79 22 
128 118 135 54 13 6 93 81 152 31 
55 73 52 117 20 189 151 165 179 18 
175 42 54 67 55 17 66 82 154 62 
126 111 88 173 167 113 46 18 93 32 
181 146 28 25 54 111 107 85 21 84 
29 152 3 52 150 48 45 35 184 156 
