20636	80707	36535	70596	46666
89127	72415	42366	63933	36312
65613	74117	90521	24148	94106
75851	91222	11303	57679	82772
17968	38521	30497	72944	54449
92082	59963	41660	55599	86609
80838	70980	78621	37261	6237
87273	52527	47122	33606	55271
76662	34013	88613	4149	30728
79102	32852	57699	34041	90055
68724	77473	54139	58359	51660
9856	4609	12756	57545	22936
18952	65349	5614	6644	66902
32084	62589	63957	14714	27892
43986	53663	76073	16101	29846
8005	54400	15154	76562	97429
42750	92824	85834	75354	95443
41865	32009	61416	2336	90209
40986	44683	70822	73671	25401
4824	62354	14718	62026	1673
37409	27716	40407	55628	59486
40507	75403	18114	75348	88228
19309	46662	64058	72063	68374
41827	88507	59122	60432	67011
75859	57464	54066	79867	99702
42210	76593	65574	88807	17443
57635	62162	93616	98535	94672
75628	90545	86328	61238	28642
5413	67898	34209	47335	68572
94903	45977	97871	1247	91492
12876	95660	57753	57833	56279
8392	14717	79092	92901	96073
910	51588	36985	8100	831
28302	31099	42481	65403	86329
81385	60851	47601	42762	37567
23714	5621	33296	72832	65792
56334	18651	34410	86475	98479
82632	44793	9259	43998	16984
33258	52847	37417	73697	99005
37203	61653	90467	16236	49285
57836	78426	15735	39430	28994
33977	79019	56650	29492	23892
97278	70199	67505	21122	38267
28716	97954	19218	3521	15404
78652	60461	960	49823	64968
6115	83508	41742	95601	2483
51796	5295	58455	17594	98247
25082	60121	38729	57450	7520
64605	67634	64940	52286	39386
14583	61642	7724	79032	58140
76807	32245	4554	34153	56889
90825	67749	17505	91424	84228
53825	66522	41971	52816	41262
63941	76271	59254	63083	79863
32997	39048	69311	10133	16055
77456	97243	71141	31821	77996
9513	93474	38607	64759	24020
41895	98365	34347	71863	60311
35679	33282	43568	79628	68608
92149	19387	63444	16530	74422
67915	9687	91881	45340	8557
3938	97066	15798	27269	58039
77425	72808	61687	85183	68907
90151	63805	70884	76150	25930
74511	45943	98850	52510	21585
90351	24259	54574	12113	70427
3548	33956	50248	80137	89676
42593	34561	16894	76378	15343
9155	7650	2891	60746	48302
1086	5350	77331	66681	83618
55047	50439	81774	69101	56941
17337	47635	71304	85425	22113
95307	16348	60506	21874	6879
33658	31448	56929	89488	4427
82066	4255	84821	15489	51580
25924	93374	52593	14847	41316
59649	11199	60289	26380	92439
90078	6263	207	38633	29681
15529	24955	31374	16175	56570
39082	37295	52322	33386	21086
9622	58746	18930	69765	96163
98774	47625	46655	59344	26618
65291	69160	97437	90723	66842
2127	30887	68316	84955	36851
67685	2544	13114	31241	11832
51413	32357	75200	41076	12372
72552	85310	44867	63270	12767
19583	80517	72973	25773	88383
15679	40822	33003	31285	55462
47541	35243	65815	27093	27508
59018	28343	11970	14860	81424
54124	40803	61675	98082	33437
2407	35549	73133	74385	71966
28765	89874	36416	76398	58721
30793	3214	29393	91495	44237
6334	74510	50650	53305	72861
97162	66009	72483	51014	1047
62497	46852	55453	34246	10220
55683	24409	1105	69166	98161
32377	49669	65354	54328	74795
28448	692	27087	83466	63692
5585	28959	82377	13680	12949
87722	83399	66572	42912	38637
29797	77143	35504	6627	53981
44511	66995	30651	26063	57691
66242	90436	32278	29577	94741
26933	75182	94635	55862	26884
18480	77292	75415	27266	70067
52953	33804	88684	73659	29720
41077	14062	92746	50837	73078
83124	11984	65153	85462	67573
71696	71446	52820	90831	70856
65830	57281	97087	46467	52024
16646	65845	33935	4137	5066
46740	47084	38746	95416	26227
52781	37544	49241	41437	1205
76012	57693	90235	5219	49242
40107	18749	1937	71167	92036
55074	61008	96660	47963	352
82394	69638	95455	85154	12305
20314	43493	85365	50040	375
42643	82482	34069	82412	84345
11536	85838	83415	36118	35842
6785	70284	48791	30325	97685
96576	21423	49248	22716	33541
44145	2255	39490	22679	333
54424	80936	18466	79390	80995
2785	40300	35417	19405	79099
8260	2510	94791	19729	54331
33960	62105	94407	55289	41065
88058	60392	15371	61818	62826
84334	88342	36723	81857	46347
63693	18707	76700	23078	47199
20547	17707	57597	3716	47467
66258	41506	93259	43489	29140
64099	23791	5207	56698	80453
86589	62254	72003	1544	40483
53815	78298	62442	84847	4991
7318	80616	5064	34679	15091
57844	17908	93439	57444	30640
63566	21781	82070	43827	96324
95485	70191	87015	39126	4485
51012	7212	23608	43389	46579
38757	70012	50904	25198	63968
85856	18786	77258	26670	37965
30983	65381	48849	95555	95704
43254	87978	20770	42951	64720
73462	83194	81934	1758	66857
82428	80657	862	87671	21904
29036	94138	13622	29803	31937
4529	47770	90040	23199	6202
47764	21092	38033	84320	51623
86687	28438	23428	48042	50711
3202	29331	85202	98340	92313
96350	6018	11082	15431	26308
85571	28203	93446	22535	81420
99186	77609	4624	11160	61988
58506	45675	52696	93095	10286
46116	31833	20404	36894	85087
64841	99032	416	81157	16352
44348	10884	66555	85695	3009
27888	87995	25222	81391	59846
24541	21897	62597	88346	81943
43652	27012	83957	98604	58728
16277	59410	48390	51193	38363
86090	74504	33915	92920	5028
87357	16253	90224	59284	25567
20610	53807	79796	71976	31770
89418	2735	75893	52940	61365
68693	75021	85689	86403	74927
63540	51252	25193	48539	23095
73939	40449	73063	72958	37518
22135	24696	93901	69268	18758
91177	74633	17591	77890	18712
6591	81272	27720	72392	45390
25768	42108	57691	40196	70390
56455	22910	25327	49540	92950
11862	98102	21675	78291	70463
22110	44125	80512	63089	43046
82734	53608	83996	13562	3977
78769	82572	60697	69393	45250
19643	20632	12758	76607	63777
69572	21637	76868	26861	37776
83758	6906	403	71377	65593
510	80942	67437	60829	79470
97597	64302	14455	60491	72113
32049	68400	33758	78404	11222
13321	43033	32790	85232	36027
17780	11294	99003	46989	76594
56533	77918	4490	65833	7545
87820	18514	47415	25727	50740
83667	83135	31691	40138	84478
75341	97412	74872	52585	48500
54626	83569	57598	54516	91813
35041	53317	98774	72874	48930
21976	53155	51154	36339	26990
66431	24315	54239	40437	37952
19548	86885	28667	38517	13352
81381	49348	76089	3275	24037
24207	99636	68304	83888	46706
91666	93329	40095	28938	91580
20044	51672	74833	47486	70698
47868	68222	71174	73162	49716
68757	75657	86295	79664	33939
53323	23359	89777	34427	35753
99573	6371	31831	5060	9571
41028	1886	58221	19511	8714
59881	3177	4108	40858	73026
16423	86373	7	27081	674
5308	18544	15425	80963	37872
52349	33716	37602	4428	90611
23413	9370	56306	98117	36241
90416	39388	52780	60348	15340
10803	32455	92773	37788	78222
75362	48682	32593	83767	93060
58911	23724	59755	50482	55157
33077	80763	84361	48039	54983
50307	51417	96123	66695	10495
74228	47217	89546	26444	99578
66433	12949	18468	81566	45142
67790	22299	17146	13845	53368
3709	71264	79607	54096	18914
21694	87627	47340	489	29393
98607	39051	75909	1072	68541
71057	62691	87341	86572	54149
99614	57840	13215	60001	1536
47825	98427	91427	53336	80475
13777	10636	37876	84714	27679
53619	11628	67741	66877	15583
27649	69506	85964	4357	77369
3655	65686	88136	73940	42547
89589	22088	42968	99433	58401
32065	78701	85199	39038	43837
348	88957	10501	76939	37758
17355	30575	3910	74812	18898
53031	98822	85959	97097	25841
11334	62352	35970	99259	74282
13391	58449	2635	5358	30199
35085	46550	86285	14852	42066
40265	96237	25434	58060	36531
13843	59110	77825	11712	59349
57186	33470	759	15689	4457
42198	59059	6002	929	7935
15664	41910	16726	31344	87583
24828	95365	47038	45721	2084
5212	46881	23971	42004	55964
50198	29935	28512	58870	88523
19382	75660	14839	7474	23533
23458	50230	64683	57485	60229
16897	72594	94651	33698	33097
59449	57108	31034	30768	4573
49365	62372	19566	59938	86144
38110	20442	82062	6776	40795
59775	38468	37714	41221	63218
72085	98301	85734	20423	27238
26531	9634	94783	94125	58759
14602	66544	773	51175	85076
28382	36873	76366	69147	16545
69250	37231	99689	20865	85186
23003	11173	85336	28113	14283
64129	5639	17225	38403	28120
59899	93364	57811	50843	52143
5968	55622	54000	67048	90559
83705	19093	52325	28048	8217
61139	92580	60847	87334	52954
50565	81694	29306	47083	18790
44796	78287	87802	23793	58109
50239	17789	77197	32925	82705
76047	57740	41160	8086	23721
94677	10112	77842	93875	98807
65647	37232	64047	27149	64562
84573	58247	5091	12218	80538
1512	8292	94646	83209	43764
92405	73547	1693	3354	64816
67567	81686	21015	49796	55345
30295	58238	62812	86817	53208
54010	34274	73654	86165	29916
3917	89850	3910	40716	34612
77252	47608	48824	65000	62916
9706	15365	42700	10151	29770
35975	29563	98735	22535	30786
96799	39146	65091	25073	96626
91874	1675	97594	45129	56871
9694	68808	98171	30889	2420
52496	60145	64950	51476	50754
81221	7112	221	91316	43659
82014	97174	16179	95978	91564
92908	12918	29046	30884	23818
38370	84006	11481	86683	72604
72995	25311	44830	42130	66294
72473	44914	26738	25615	87705
38259	3034	20507	38675	72454
35127	27917	89429	1242	37846
56473	2277	59583	8624	27331
93301	5912	92681	80333	37048
78241	60392	3357	71814	37514
16613	83866	7123	86647	22808
16075	21409	23829	7211	93037
58475	61377	75362	21241	55950
98577	18393	33812	61844	13139
36284	26560	32240	39209	63251
54911	61102	9339	44147	92574
81849	17582	59581	2144	23101
94241	66949	1015	86325	30001
68154	35340	50545	90419	44704
97781	34036	61203	62484	62375
1484	99211	26896	37095	28232
33069	65445	50493	56608	38720
92019	78036	62130	83764	78730
62414	38834	80836	90138	70701
83429	46951	93980	106	91719
32025	76206	18565	34168	42309
1253	15117	91577	96122	53586
43495	43933	20450	12999	97501
4378	84983	4953	57985	8219
24978	14675	73219	70882	37590
42690	14276	16474	2815	66077
35488	43435	80823	76597	70130
21147	61628	73479	8501	88427
4508	93026	74918	23914	67828
45202	46453	5561	13909	47784
39969	41653	85133	66175	4310
87649	97524	46859	10089	98633
42840	82934	14478	77904	40496
63406	44113	93869	59265	34131
51942	69124	33798	92901	80874
25394	24921	77586	68189	4939
3773	72379	25620	50202	9146
18549	90016	88052	69377	73404
35646	49334	27470	30199	28201
56733	15160	44521	78312	74824
15555	26470	39343	83484	56862
73940	61825	26376	54126	55463
31795	66608	18036	29065	65073
19494	55319	73789	33755	39701
13528	37878	9850	15175	74211
85825	66592	3877	11756	58225
5230	81839	19181	5655	1334
96952	5292	15498	64734	26847
83864	86440	9059	39842	88893
5870	79905	53524	17702	18442
27631	15377	1702	78850	34719
53994	3088	19979	46891	20038
20068	8126	98662	30595	60916
29556	9304	37092	78887	25063
25518	33248	98225	72389	64695
15364	48764	55469	35091	68735
16146	35493	63329	18545	89402
58252	56642	88095	88203	75025
62064	64247	73421	34824	70886
25006	63875	17333	23237	28088
11799	40251	31603	95883	21535
23710	14796	70000	16730	3253
87535	73643	66092	66056	63391
20171	71685	1156	91949	75918
60772	73329	48709	97626	94881
19218	94893	56226	6151	56871
13982	35020	270	63825	54294
95894	39882	66826	22404	35946
46508	89441	92124	86478	62592
45734	28222	32601	28872	43162
66333	13266	76812	30302	99279
4229	29711	31925	56150	5793
7159	36485	6759	55091	84377
73358	82802	1960	62284	23503
41810	43020	1767	74645	45504
15095	3593	66131	75363	4148
91710	81091	35321	60096	73367
85227	4558	84482	73034	49670
27077	18569	69071	53337	88441
96856	44060	23190	80708	46035
71995	66650	44836	41888	80852
74857	52482	37397	57349	40485
3823	49341	84481	38566	29022
12761	48514	54651	64244	36034
78042	83707	44191	85939	29730
53473	38681	67051	21457	26441
18381	32656	45677	59481	20471
43116	89705	3241	57422	14621
44821	71840	22081	55760	89403
40517	99669	49155	41706	31333
6477	59518	86841	1136	36288
97289	80927	22466	30718	9540
54950	60178	66408	49103	41829
8726	9334	35648	86636	16674
9729	358	24704	74054	29444
84516	44939	49311	30817	64489
60798	14179	50937	53410	99351
73663	58016	15185	34917	33713
54248	71365	13062	64378	54805
78501	70905	24978	18489	32550
57126	44120	60359	53957	67372
88174	59104	88505	44394	2335
44191	31873	74082	7936	26104
38514	1583	93002	25707	52102
74896	94545	41754	59129	59987
80488	91023	27787	8310	73584
60390	53902	9763	71656	6344
88766	83899	42535	58052	70915
10612	85383	47145	59827	67923
24503	92883	98852	43809	22785
70322	36012	41435	68623	87126
16753	84849	16941	18389	84927
65876	46318	79905	74565	53049
25927	13613	56838	34664	28173
68486	30399	52418	52679	53319
30405	54599	66044	94395	46093
87850	37565	48339	82051	95013
49251	666	22039	59966	72661
83128	16304	33300	15844	82205
24978	74314	70826	62289	18956
13002	69777	74650	58192	38839
39224	31755	80330	42857	25636
76391	16954	24790	34389	20830
76453	47077	85031	80593	59265
79721	58580	80878	30706	81738
77709	21063	22032	70488	59849
4976	65054	54779	20124	38895
5888	21205	16938	29659	53527
5317	87795	54304	33285	45873
64276	5880	46372	36638	60484
77331	23481	86435	36398	87539
14572	60607	88243	16264	77770
1517	50172	80651	84951	19327
46259	21950	65469	7554	34543
9709	19859	82118	20614	81984
71135	74107	38885	20023	76385
13269	12736	39472	47167	65650
62122	5529	68682	65248	99850
43125	40080	17445	90250	74097
40818	3469	18716	71773	71663
49118	62012	58702	1253	55754
11030	58850	72218	3469	13242
51461	70349	52681	8277	22761
97253	31273	28798	67347	57932
24087	81746	31156	27480	50529
59875	99032	52575	38768	82393
3498	55444	50934	30497	24962
69896	83418	83456	13774	66447
41683	28037	45756	29214	1829
14519	95438	48227	35743	18272
63387	26898	46495	70531	2431
21971	61484	49537	79081	87129
95783	47291	56182	10582	30092
54080	7564	64320	60024	25247
24129	83454	83441	74557	73958
68601	91106	96277	28145	29757
89449	41375	64693	93436	4757
45606	91349	96552	95912	16872
10869	238	61197	34698	14592
21787	52289	18220	84360	9455
19639	19169	80258	79147	8345
9126	43540	72522	66112	80974
58986	25714	43737	66201	27590
7079	32258	13986	13678	86835
71799	62279	60041	28418	42619
67727	32072	22727	13327	14326
69728	75770	87846	75577	13544
97066	92895	64933	59050	38486
24934	75413	19739	73960	51991
91669	56001	73874	86786	48531
16395	90481	74354	85674	53028
26804	90389	87676	43058	46824
88172	80614	15734	37525	58175
90386	32274	84676	58961	82049
38220	3787	12923	58080	54157
30066	99101	69508	86670	68508
22540	40408	79745	30080	83710
62778	5895	5969	54593	97548
37706	5591	52495	7308	76980
31909	61152	18046	68586	52290
45723	34314	26762	93283	84207
52696	712	230	19385	81913
44984	3923	62217	7843	42527
50780	55987	93683	29258	25703
79390	28886	47654	75661	83129
82154	62370	67422	58101	48861
28416	29382	33248	60529	37175
82120	75928	70779	23399	20231
69108	68351	68394	22084	6914
74765	36153	86045	515	9222
77651	26098	6253	72847	59046
55642	34761	52964	6073	23003
47050	12109	63002	1894	87134
43682	11808	29603	8212	26677
9461	43774	52074	92673	15594
76109	46139	85840	14274	48380
90838	38163	91737	13319	92358
36972	37295	60516	10863	98519
81395	39902	58899	44611	67405
88120	26883	2247	40025	40319
44524	68704	56520	88192	37637
809	37597	35976	45473	86155
21095	25931	40116	42491	60348
24968	90339	76866	96062	42345
8357	37537	45385	15743	37369
19743	41673	85755	57021	94897
47435	88962	75074	17539	98552
91715	12828	11649	71396	46828
95095	64143	11962	96524	21728
21784	84002	77167	93881	58332
34846	70924	75737	37281	17294
69706	45438	80568	21789	97302
70494	98572	694	62476	38935
59981	95263	6458	16675	44099
32020	6763	24306	98442	38109
294	93228	76135	94803	54089
51094	26888	4925	1228	65318
47158	12673	76157	52559	45887
60516	49160	10083	77315	95160
8431	59120	21700	59447	86782
43335	63524	43649	34762	65850
50249	75557	90155	10741	47688
26137	18178	78490	29005	92228
79942	85579	37208	16410	62560
95316	64347	45222	63504	49174
8096	90371	11498	72060	18846
56369	7236	59045	82638	63509
47295	79106	11808	74608	88716
68665	55725	47976	51213	13011
12749	38283	72817	28905	6898
64853	85257	50624	9306	60406
1891	58802	63519	88938	26980
43258	41385	28083	15335	57154
17377	61794	48809	64137	85875
63550	21232	3655	90686	44531
97237	15264	79143	17107	23778
97740	14793	69058	75607	69366
22059	23719	1058	70655	37347
26047	18559	35497	9311	33327
28144	88061	90497	79237	90173
28671	52048	81430	88098	93728
49184	29209	91711	29833	72942
31507	9712	90886	84305	17774
34086	66183	52572	25863	58904
77259	76401	14118	69549	46656
97082	42743	13750	76806	84085
47815	79610	62781	40359	61476
14121	973	20290	18794	53352
80193	26199	71022	93643	47656
3491	65542	70258	91805	59069
90776	55889	84779	97494	57108
44577	82907	48086	76172	33650
48744	15155	90273	53861	40651
79100	8386	18172	86729	28859
49097	4639	54638	39396	92792
3375	24690	64306	51941	70899
45418	78624	38217	51319	68243
76180	21776	35892	76244	4244
21799	24046	74214	56209	5218
49766	63562	24697	91031	22348
32425	63566	51744	67446	1965
31310	38908	60467	36834	56909
30494	26482	82902	65032	5881
31872	80951	16453	56783	36843
56365	67221	52101	3726	5882
22523	27961	51089	70073	5590
66805	25720	63501	47555	91445
41703	69053	78471	52875	35923
35228	29468	66860	20910	76398
646	41270	39099	54607	81055
22795	32483	42355	24889	46239
63476	83688	55456	86579	6950
15900	81482	88448	71486	44803
26042	28908	56570	13335	50537
65970	17536	20086	30464	56117
60398	41916	99690	33305	27481
28338	60316	47583	9852	39025
19540	51139	39594	45126	92886
63735	52025	35351	47101	12786
90180	17272	78083	74517	96519
24963	88145	93952	9437	4671
25931	59900	32370	7467	62284
5446	98134	69485	78650	47888
92352	7905	17049	63779	32480
18186	21814	59372	58864	16135
29704	63111	14552	1619	38564
96622	8491	53224	37298	50461
51818	66060	27799	83904	78761
75045	79681	15380	77922	85834
93801	24408	25473	20285	19521
54854	45988	11411	66500	96142
36341	10412	95812	98068	57510
83070	84115	55908	6083	62880
56125	39668	49852	20131	40419
96388	73762	5081	36477	12985
89761	60214	44181	79611	59214
26283	66105	41645	4184	10448
92281	90553	97805	69586	67784
83373	59839	20889	53688	17386
1047	58887	65512	10332	38882
53820	61335	10237	13523	14523
35821	85591	4255	84313	78602
67735	85570	8000	79930	30504
10880	43196	96437	97212	57063
6504	39540	22257	42523	19810
82690	18489	81392	7299	48873
20719	52103	35191	76918	22499
74387	77678	13311	61199	75823
35064	41114	20253	63431	14820
24717	23714	72910	55438	3057
27314	45521	42426	10542	81034
39486	16847	25157	65492	16829
19357	3790	63252	56821	24599
6532	97118	94446	95197	44811
51526	31417	43057	93896	95593
29810	87488	52683	7417	13384
63122	94649	40436	3393	18175
19498	35721	12211	92670	8105
43408	76236	75060	34523	99138
42712	311	80654	82494	95077
84023	26904	88518	14494	79548
9537	40217	49228	88306	58161
40237	45680	51946	9285	59834
90202	73967	10194	87871	21768
11901	27304	18503	20603	45202
16666	72183	57465	24431	99101
39501	38225	42199	69997	88544
51219	73128	71192	18759	19364
87074	47534	55720	32536	20503
81191	92610	11584	97952	49204
7924	19075	49316	19964	15990
57114	28799	78868	21130	16117
82693	70735	79691	52890	11327
40154	37119	60205	36839	93382
72151	50633	67836	40357	44913
94529	27766	24613	70579	53412
50974	31079	56537	2330	3945
18380	41196	76634	55101	4676
75773	64973	45725	64407	28388
50530	37596	46315	24927	29236
27178	57129	82592	73175	76194
706	25948	19489	46314	29675
26613	2541	88466	48767	68510
95258	9053	61153	4327	64901
41083	34423	66007	18703	65070
13370	69652	3057	88383	47625
49184	28705	22793	86967	83616
68134	37978	29140	13650	99073
41929	69118	18166	9569	41372
1567	61084	810	32477	78275
24404	50698	61233	884	86965
12255	86497	16381	6893	62093
32470	13981	17570	32718	14136
31206	51758	79964	54645	7022
57304	30223	16694	25046	68880
58634	37052	61029	57998	17112
35022	39459	35297	31956	63656
84968	64445	13226	68291	34753
56853	14751	73195	50154	86618
71811	18719	53590	30312	77934
40237	70991	80097	75140	70054
39417	68926	58766	97207	91049
99699	85786	50012	43268	93774
55092	21554	69396	36597	8613
27685	13161	65055	83897	8302
68040	53428	46374	81422	7670
51412	5288	20158	86377	97348
4901	28024	55628	46113	59809
1149	43829	78968	89582	4847
24540	48842	25172	35320	259
49440	60160	2114	3798	34522
22932	45804	57255	22086	78436
75728	8686	91641	36759	26158
46484	88709	48185	26053	37555
15881	58863	87868	9723	61354
62749	33789	49309	47252	61660
952	41921	57152	87650	81971
47566	34381	98900	87209	38063
11976	34551	48115	80566	81004
10907	48485	22578	28001	24642
67230	97497	16028	25081	67399
71769	94004	64398	80553	14098
72374	9345	23521	9225	78110
21730	59955	96960	45272	67111
87659	16643	96404	83753	94690
26629	15505	90003	260	96122
65095	78557	26170	52995	92754
73283	62079	30157	82359	23437
40802	93057	38492	59485	93802
54201	26826	92529	35386	43481
49260	5147	2395	69517	77225
18021	31527	90845	4432	78188
78253	98464	47928	60471	46545
89223	98936	31750	20557	2726
3419	62252	43558	10217	64473
84984	25184	14320	74372	83311
39813	31172	43714	48703	34726
61063	17856	30251	99689	32574
31189	66744	33758	65411	89746
83280	25464	80995	17293	74496
75653	27329	94577	93395	2655
48566	8822	64305	84714	55684
54729	18986	52757	9907	15292
94958	84935	13190	15819	62331
23499	75086	25158	90617	67506
59155	29707	72233	65206	76090
66446	47234	65395	90324	42096
91764	19201	24403	6476	77123
86404	86354	48713	17740	92958
12927	73535	39920	94768	27838
63390	68156	43590	71853	88037
71936	3515	36046	98350	19515
54115	7098	18464	93898	56256
70431	94479	19127	18632	37604
4478	17093	21538	87467	22595
45357	36819	3445	80878	94694
50659	25309	29840	8935	73172
76358	96001	17757	838	37319
52979	41727	63831	30146	5604
70359	72507	71819	22753	16388
95206	39463	91082	77739	7158
91488	4540	1716	49469	11488
6891	25665	85585	9119	47995
60976	40075	92816	36170	24242
69438	64821	96410	2874	74384
45145	39052	4790	81010	77041
2711	92316	31023	96467	71435
18498	78983	51441	31423	58395
83211	87318	2893	80265	41109
17356	38418	12692	29200	40639
14586	8156	13694	3740	12694
31724	81276	19323	91951	4158
75892	10303	10134	58465	35734
5700	9315	59999	86473	69541
49495	81615	27597	24118	18613
93021	26523	54268	79439	3954
10999	15985	79747	43030	98634
67185	16437	66199	62740	47378
43081	926	4314	25565	91123
94869	71885	20761	19008	94537
99368	18339	45324	75683	70316
76606	2129	73152	41272	15893
47518	96149	26886	69771	69488
42757	94354	64927	85306	48747
29964	91500	26593	36249	29864
21940	24088	30298	22103	67373
23982	63552	74785	68304	45084
82363	27009	74643	81161	99737
85332	30783	14382	34936	1560
4909	8587	50646	76529	95009
84008	51768	24383	81870	6648
79883	57739	73296	37318	20824
41798	43075	29301	90362	36171
31379	26408	64054	84847	51457
99665	6666	85642	44284	19696
16387	39291	65383	85381	17246
37104	49153	68352	2769	60789
44668	30669	67151	81414	91782
63822	13413	30822	25912	69100
43119	33509	51934	11173	25088
15451	19392	88481	11497	70834
83052	62531	49895	32658	70225
9584	51468	59318	9488	51140
35820	3559	64943	17855	34657
95621	373	1996	4152	84297
40340	22598	87272	81276	96000
93399	67728	65447	48691	1183
30803	78164	15998	56419	98112
53297	82706	70814	18001	412
50958	93465	27223	4067	16604
76055	68528	85122	33969	25686
38912	56890	61071	43425	94973
36840	16768	57103	15880	87970
48108	5731	37743	97366	42276
37312	93250	53765	11185	41686
75404	16350	82670	93211	68451
65670	14598	94750	23259	34973
35121	38405	93755	12033	23410
93551	82394	5521	12609	98097
58018	41284	49066	86388	14858
12849	88231	8189	62081	22491
35001	92255	28911	80660	38731
70698	64464	31663	85122	94170
43632	92667	91853	94332	34377
20583	54395	33498	54576	76943
85691	66859	16962	23903	77021
99577	60642	42772	29322	97838
59447	72726	37332	42770	6495
29896	81794	81878	3226	75989
76040	35691	70666	96114	42265
85973	75409	44823	67960	97299
38910	19675	34763	38815	99646
98660	24517	14091	12427	58421
24284	7986	95987	65353	32902
94104	92135	29901	92583	24767
78299	91141	93031	64715	4604
97110	93050	17535	82738	41887
31592	73964	65601	97902	3380
48507	85743	15813	79284	88436
50960	96023	18611	77469	63285
96638	130	17074	12096	89508
2624	89062	55772	69901	84378
72846	28936	56499	73858	86287
29612	49321	24635	51100	73112
82287	64424	56876	60670	74656
70433	74145	89756	69155	18553
62502	88143	38158	1709	88020
78442	89211	44078	41635	83775
13562	90613	24544	28914	68089
72368	66292	40996	21240	56508
41926	26860	18477	35780	74680
71467	19119	75255	45402	79589
81169	3794	76098	47524	33631
75516	71141	31698	69373	39191
43735	19158	33352	80303	49257
61052	76236	34186	57353	74807
15560	26119	48830	27325	61877
98204	1820	28976	53534	12927
38791	58596	88823	63142	4468
81584	73431	45356	16142	32941
22102	52582	16983	81987	76905
2783	51497	84994	36787	27718
76574	88344	5974	43629	81787
43865	97475	11777	69385	39842
87511	69867	50370	40066	80412
52247	16684	38709	13597	5459
17746	29172	10539	32198	72152
37425	33631	9361	91218	43290
29033	44319	42499	33417	6483
20435	67236	3934	5816	53122
29334	23702	52407	42703	91278
23438	81269	73287	84248	13317
47054	58573	61932	23257	94674
88469	55590	52388	10909	40047
17208	38896	11811	33080	40362
306	33474	81069	35128	49040
19825	31799	33038	3852	42100
13053	97571	40232	98210	78478
51537	86930	70279	57175	49648
64621	99766	833	88092	39082
47249	20224	22681	70085	46241
14078	86635	38276	14357	54449
71281	15905	74371	63221	96455
13879	66152	70062	82314	90390
85186	28348	74361	47746	4759
85844	80089	32765	75448	11120
1549	6718	29431	94067	39844
21781	2085	53447	21041	53887
61226	6455	3344	22571	94389
89065	55980	98822	27077	23515
55933	16190	88820	86084	83268
59447	29003	18251	53309	26372
39432	1546	31943	7352	89251
36427	60259	53353	44670	16064
88882	30564	90690	74829	54165
16224	60846	4745	36106	70453
80055	87209	58649	80102	50153
21613	53775	22168	47649	10969
84728	54530	30488	16568	78741
34915	44225	72499	15157	78633
20381	62319	62513	20450	95437
5576	88581	70582	74047	97951
70259	43127	95734	62543	21348
50588	28551	3073	19481	15494
84731	92983	55888	14484	18105
66461	6364	75547	30315	95285
83996	98775	85056	34029	76931
42143	65756	54915	20771	86252
48519	78207	51199	19261	77458
98995	95263	88687	16648	94550
22021	55972	16240	31955	42044
17245	68989	44616	92933	84735
90970	96072	12496	83435	75804
53940	62174	5558	52618	22044
68771	82039	13359	33012	26084
62065	81265	48162	41921	24206
76253	45761	9103	99349	24461
27125	19303	67824	63546	21339
40686	53888	549	54871	47593
79965	1431	32951	50166	58394
11638	38617	36138	59953	63135
70134	13005	61840	17668	74676
60768	33764	49426	58752	82045
8248	49189	52760	17741	87765
60018	92007	30167	23937	41080
40104	78042	85993	71210	69917
93311	82775	21196	99229	15470
49089	26012	73771	17471	82019
84741	65975	12541	59766	81054
32600	95814	21423	86269	96855
87020	24179	52794	33275	68644
6438	88694	77431	69971	67618
21979	26231	61316	88633	60368
24619	3051	82839	685	92865
96867	98876	17858	11057	95430
67197	4535	32784	9412	17573
72891	41325	42885	49235	12706
14948	97604	35522	35022	34504
65195	55848	30854	28345	40651
19773	94884	58816	25095	64449
78384	60775	65986	42694	39867
57568	65254	99557	25687	62271
25771	50150	16513	52510	27602
13905	64444	58745	16390	81710
32680	43594	9292	47881	59972
35426	76574	20171	25624	13971
8934	9593	63801	56063	71156
85456	25244	61567	39960	77232
16190	44488	6100	35483	64708
26990	16397	64944	54283	10727
14376	5341	42076	26834	78344
18421	70008	10543	48902	53216
73824	60408	11949	97990	85976
47072	4424	25984	95143	7758
78239	73231	57298	79317	20296
47763	91337	11643	12063	30666
43006	85959	30443	73340	65062
35966	61515	13625	73888	23342
57746	9786	57243	55541	96552
88067	89912	96534	75910	46397
69062	27463	92686	83283	8321
93063	95852	26956	37437	18141
15286	21683	50709	38343	33698
7136	89869	39300	68368	75754
55442	83197	36278	96121	39388
37407	99327	18654	99434	83680
70648	27012	96322	44449	94868
63808	8296	29947	7061	91999
946	77445	71301	12111	50395
28440	54357	50482	95959	4332
85449	67593	73546	70304	47221
67361	78028	57444	10269	79468
15178	21236	26841	20665	5057
76739	77115	71779	21719	93827
90106	77914	1460	471	53357
972	62874	12815	32000	43018
5419	97222	49936	59956	26032
95104	10728	97239	78481	71185
28322	703	47576	21180	11258
18719	81231	55061	34356	90173
44274	89175	52950	1492	76249
82276	11909	62774	40410	65588
2923	11340	34191	94598	80849
67910	87846	52707	51643	30086
14287	71066	66478	40846	97848
71591	41502	42313	51036	4272
52180	77825	43717	16865	46611
17861	64956	1963	2738	65703
91137	29994	77610	50187	13568
11154	13874	15424	68012	24877
47536	25185	66073	64630	28626
18216	69040	94000	27576	18528
61419	74211	55845	69168	34554
77488	92809	6815	63882	16935
66312	89151	98955	2842	75887
95083	6764	17511	38098	89107
45681	58208	56056	2825	15597
37886	33613	68714	7698	27657
58642	43980	22269	89312	79974
74519	27922	2565	88202	89461
69773	62328	49214	53658	54417
50978	34314	85225	11143	71705
53611	71981	43732	99763	2048
63597	87839	19556	6072	11620
32409	52836	63652	90164	81109
47021	82678	97576	63342	92579
55601	1789	82301	99999	21517
20826	96826	29593	76804	51552
16577	30645	31587	76085	67833
42270	69306	73607	39438	75654
14324	85730	79879	66273	35009
50414	11966	22604	11887	76572
82926	27337	21099	28890	30275
91298	30900	64973	79316	41559
4230	23791	72488	73810	40370
83832	44385	94428	88384	45222
91606	91922	73798	62784	98451
75701	92144	26089	13077	78526
4563	30678	45744	28185	26780
53590	10502	80694	37472	23763
32526	78256	87919	57487	65316
12918	9913	80689	36769	79343
29738	8283	12018	80920	11188
73373	81530	99574	11134	18277
87196	27037	28536	30743	7659
96828	3043	77954	56422	1224
17314	64834	25700	18588	92565
26658	41405	81180	80090	81944
87696	31080	97432	77125	58250
20922	38882	73361	91524	91441
19088	79851	94929	28034	35768
36179	60998	39170	13916	82812
96192	83757	2252	89442	66084
90921	38137	21942	13515	14138
24032	38993	73356	86366	7537
20342	57442	20757	6200	98308
97111	13456	82063	95612	65688
98228	25843	78992	15839	72103
77658	78927	82307	35271	58504
61839	76100	27690	85440	36912
4056	26252	4173	84688	34029
94862	53397	20971	23470	17206
39540	4393	54879	86578	21019
71183	32550	91832	38873	53983
82166	40955	90625	43245	27405
52910	66477	19372	66492	53857
83991	80101	74981	1715	66879
10483	88619	24147	8155	63002
91637	52542	16310	56607	7860
79723	49962	54513	74620	18715
50931	62606	29466	66735	98022
96265	84485	43811	27027	9635
14411	19496	15860	40431	39465
32899	5210	80374	81748	88215
76258	53778	80773	49412	80137
84291	6601	8377	27947	96920
29255	45830	54893	57968	99751
57399	51144	67811	30245	51342
84902	80064	98147	5330	64594
69320	91538	85050	61486	93919
78875	28347	80642	12032	91165
17525	78600	42078	55004	91768
15603	28914	30630	13265	15128
81166	34492	19496	95210	68914
67771	73151	56908	31303	69355
78277	4658	22076	46157	52064
69334	31699	71581	21954	95693
70760	590	52604	50506	65927
89489	72815	93410	62686	57746
40745	6968	11468	91615	74073
60123	90393	34962	49003	75770
80777	69156	76269	58121	49433
29194	11646	75090	73370	94041
37014	6072	53265	97718	18042
64428	19240	84964	71741	32927
22116	77047	14254	31288	66820
77598	90365	26824	55435	65328
39065	40796	17156	77918	58570
71016	21085	91558	51222	95572
26397	6701	69782	64235	40391
19468	23303	62776	1809	38336
35087	77411	16171	85554	79357
23027	90163	47006	73423	70636
24206	92620	93051	76976	64145
39596	4033	90022	68732	21620
79322	77793	12687	16665	53067
67683	39710	49911	77271	5420
70516	89461	55758	92420	48412
17467	47750	47963	65544	33175
80843	36919	36433	69192	51693
58551	35785	65639	57039	14300
98483	10011	71005	25472	58626
56261	652	74695	93976	70124
85333	423	46390	69944	76657
41571	7057	89221	69676	52034
99331	579	89035	17739	91151
74273	60788	13200	47377	35235
27797	17612	62527	93956	7164
67469	59731	10519	15366	36219
18226	39932	44407	70409	15843
25604	48366	63594	91839	79179
91708	23319	70675	23572	14508
92739	53703	82984	71439	28448
88037	23028	31567	96185	23958
89480	76434	94046	14301	57881
71864	37503	46858	3024	99053
45541	65651	50601	58815	77457
97776	66493	52027	43542	13528
20549	39781	85155	23027	95115
39799	66865	10364	67038	20468
97471	98241	34667	85762	15341
1422	3953	1879	63879	16307
64399	14846	81355	65819	35998
4127	15494	56659	87482	3322
39255	82291	83642	8970	11069
37406	7785	75359	95170	20747
38110	25034	29521	31469	72429
73251	2216	12836	2194	86131
68799	4250	82428	43744	85676
84851	83042	98905	22239	13711
18473	2290	62235	43602	84588
91860	9040	20720	8317	91323
14868	92078	12648	84164	24891
72230	26866	37192	83918	58047
71666	64534	61745	47209	26205
44263	21078	78128	1181	39043
40743	74737	20697	41309	54240
25752	47658	47685	64655	36487
74555	48108	16093	69929	53785
2027	42869	44313	84259	69098
67504	89844	79970	43129	60221
74845	4626	55503	39183	93508
11914	67653	95737	94365	83787
38128	70299	2559	99084	56062
18793	60377	20606	44616	19244
26384	47190	29042	93306	30748
95079	99016	22215	95009	1767
4569	72781	16630	14176	37957
62243	26600	28583	75509	24291
13643	46174	96254	16634	28969
44004	34422	81384	3284	18433
78243	74666	78306	2269	61015
63041	81117	89873	65814	49441
42727	86628	49944	97095	42434
60613	38829	76502	56196	53644
66589	85271	36202	73869	1449
34638	72063	86039	40447	59182
23645	90147	51328	98571	4194
22006	44759	31426	52644	51460
56385	68469	22875	52117	69860
55204	58388	47016	35498	16258
69680	8746	71846	68308	4306
18359	73900	74790	29944	36276
66014	5797	14581	58255	45856
46473	56789	75784	18589	63418
96777	55154	675	50782	42897
95785	24880	79572	92706	30016
78774	74447	82851	30908	69694
21284	56024	50909	7195	5002
42596	7594	47874	96089	54476
62483	60805	26536	8066	61005
34555	43862	65757	70074	77721
7073	78269	96057	80274	39092
49559	25169	48753	29775	60060
88371	52243	59767	13594	90750
99796	2062	54350	3672	15881
41323	89270	74154	68144	34735
15819	79410	49949	66421	48945
77227	12621	56312	70698	94776
93297	16652	6964	92385	50482
87080	10103	85370	5975	72838
95510	60566	90127	99515	98615
21890	80664	10730	99891	82039
86076	52028	86769	41542	31589
95853	86198	41804	30955	6354
88874	93044	57824	16373	46763
12147	20041	32197	52874	2345
97794	52196	13026	10069	35056
22441	61634	24718	27369	24477
81727	40818	1286	20607	63354
58305	74429	97781	15065	79508
75582	30752	66060	35249	24144
91312	62250	95635	12140	13923
59847	60705	64218	34104	58499
74944	7478	4530	39398	72198
48284	39974	98026	71151	3770
13199	58831	73247	28050	86170
66635	63254	80826	57870	75268
29713	38559	95438	18514	83534
24092	61972	22774	83382	23371
65913	50073	46874	92410	96245
20322	44362	53433	43659	86977
66189	20861	15635	56150	44277
42767	81509	5107	28077	39550
12094	72644	61503	62093	28258
33731	89949	6552	18369	94390
43843	75648	58116	80671	47990
35584	85624	58019	10628	3454
36030	90043	83562	49452	80374
16643	97641	87167	81897	86800
89319	45142	22704	85667	41858
70480	46162	76638	66756	69452
41329	18853	18382	72845	44382
31915	22872	52155	90181	32084
40887	85016	38847	98985	30133
3272	13427	4845	95379	11543
58592	93317	32856	25051	87954
78162	75843	49878	69921	54463
51280	92123	20342	92645	67939
92773	80194	33156	22966	91056
84809	43456	93034	94605	12325
56546	39370	95587	73391	59149
50346	81510	95109	29383	88350
53456	22778	12934	24621	71373
36991	72157	87885	73618	30163
60888	48538	77945	24001	95293
69138	46416	99476	64240	17577
63906	5574	11804	40052	39195
8006	75306	23353	17715	36298
37984	94011	48160	1422	91949
8126	13772	53669	22173	17431
23426	51650	87862	99506	73051
49722	47739	40021	2148	78028
48808	82364	43262	49149	60852
49220	41386	72913	20157	85650
43409	84245	90509	31852	29202
68546	55848	77186	93405	60222
23448	79274	69373	42981	23303
90888	74567	87629	55208	97410
53767	82180	6905	67314	94419
99393	37200	39886	42537	4604
2101	13082	8008	95890	10492
57335	21733	58014	42957	83103
29146	19688	72379	16606	61153
17633	97284	81062	37545	95107
32891	70529	11908	37304	8170
84451	23621	19499	39228	35267
96373	10219	12232	51161	66162
16405	10513	7425	76396	93616
65707	86612	14503	73647	51339
84422	88642	43965	63678	79436
50569	38616	88736	70836	46473
74216	42332	15150	51027	64791
42817	11374	1799	6177	31294
56649	87274	15205	36969	87143
41130	25595	76622	56504	62756
76828	41565	44438	26875	68966
71967	17204	53933	75008	31858
17034	94747	38124	95016	60108
88648	80196	60095	87315	95389
25427	92999	34702	59309	34692
9093	17211	98010	1115	17611
63536	99527	97993	10552	24963
2820	4543	58071	67061	19463
27491	46809	41773	26851	5154
29425	51834	31131	35559	30380
93878	20946	11703	76467	39965
93223	90454	66431	29995	39987
32808	84759	91802	92915	71925
31512	44852	9272	38086	61497
75750	25740	67067	18926	22693
1525	39209	78847	30247	4574
10658	20127	71560	98221	92407
43480	24595	94627	78920	86827
2289	9947	47599	11121	53395
7005	16769	13706	54935	60409
59680	92720	5456	17781	7298
43369	92163	56236	79055	42085
42778	58762	45303	51990	19621
85993	18039	64466	8271	20028
88972	17775	69739	90506	57278
48253	12290	24010	81302	22469
45793	7931	99652	37704	44265
1039	63838	62235	39062	13842
19370	9597	25383	29465	7432
41611	37750	2701	60720	91568
99669	48576	17001	2099	95272
82144	41722	62019	32366	45430
30366	40939	28883	99759	34727
33850	7363	77292	67522	78748
18916	39351	5538	17400	1198
79772	75091	95829	81354	93876
47322	11416	52747	14468	98766
95166	43050	13455	58283	27874
81496	69220	37882	95187	39951
66718	6106	85978	36107	66715
61248	38447	25050	81019	41264
41997	28732	10404	46868	19339
31847	82804	1060	39526	31279
21380	86457	61982	12730	48488
45470	67486	23981	30243	830
95468	34339	61470	2437	17075
62334	47066	26874	18581	82486
87449	804	85966	25890	73735
28575	59569	11138	72676	67742
12613	99474	83285	86317	10703
95609	39235	86517	43716	59124
55118	64839	19528	34005	9337
74995	75495	53135	46443	43778
61388	91076	54379	2200	41067
41237	82225	32499	36093	61609
27228	77713	59033	86121	76354
50249	64592	21382	35918	75194
23892	38715	26093	33478	20954
21497	84670	73242	91328	66120
95956	90723	49506	42080	33129
53302	347	26479	26285	3814
51435	12345	44754	86757	69437
19896	61101	63854	46936	36843
79108	95543	24307	73666	36245
23340	52985	41478	35044	41404
52611	56336	88273	85028	81619
75250	93406	62524	2302	18610
22422	33360	56654	51680	95130
93965	40661	89143	55545	19053
15871	5813	84060	77608	37066
59774	28951	78221	49614	47067
56839	99066	16464	25236	68540
10811	3381	32534	6036	46099
97412	67700	27250	19435	70993
42635	56954	89271	18806	96676
36465	88568	52840	18275	25498
78733	57405	49599	37564	20946
18072	19471	82444	1944	70876
53783	28063	90516	46780	15361
12281	20667	82325	84430	56604
81162	30222	3414	70921	6848
87391	84074	2610	19754	96657
16445	59287	71070	60418	1557
16773	2404	10533	38211	35266
2316	93346	93038	2793	17801
99586	56677	18862	99687	62124
35181	50636	78472	54819	9770
37431	94474	97113	7451	93309
64949	91806	19232	70606	9486
95780	46878	68472	58091	53358
40558	38047	70095	20560	7401
62697	84569	95252	40163	29801
93848	86899	12756	3141	25387
72947	10516	81871	36589	24401
30739	43935	64454	34732	19991
18917	87052	14182	8906	92264
4237	70989	79637	68017	62429
16048	3534	70860	28500	98975
71227	68812	51418	66025	39675
79342	10668	99878	63545	71653
79723	98470	16334	80748	39563
79135	48107	18842	58762	41606
16360	15620	88749	58465	98614
17262	82559	81868	62587	44094
35106	24409	93463	13011	38773
3225	45984	89122	73620	26008
292	24379	35312	38050	86521
14943	16938	8425	97901	20398
22321	3820	94689	53418	67243
75101	43732	81487	69858	51125
7611	87937	38525	74145	21068
95747	49849	10391	55859	73199
18637	26355	17540	56091	42702
40199	25215	34449	87734	19016
61589	57507	46751	8341	61584
13352	27703	32141	46770	67175
68372	41541	85049	63113	99306
7893	82378	20558	45655	18966
47904	53554	40499	72251	67866
26718	61800	94995	48902	94568
40383	13259	75720	84804	18757
91624	96175	10636	71667	80422
53130	7493	21713	40973	35678
9329	98019	86331	18072	88365
99061	30934	52501	57156	30454
70866	9515	33215	94274	77402
3066	54816	48615	68804	50168
67146	58693	70521	10411	16033
37524	16525	71525	66063	68736
43465	8135	19671	69472	851
79576	67213	56550	61991	43086
33916	71816	60750	96013	92242
72947	85543	84618	35496	47843
40740	5244	7094	28235	55406
58823	17889	90902	60191	83642
20647	5335	94381	46680	57944
72383	43014	34355	42508	33091
64386	27661	83826	44972	57
14655	16325	96473	12960	25458
27597	75382	17869	2016	99252
22032	7890	6508	24056	13098
69022	93077	86928	47623	73307
59762	10687	69625	82715	90991
40062	89147	11187	88189	13616
41301	96678	73878	4317	48359
86911	1133	74558	84027	39742
39764	89102	67796	36257	57762
75313	15433	50137	49617	26558
503	3028	94890	8037	39124
27556	20716	98402	19352	31217
29451	52072	52860	89358	28349
85432	4795	83441	44093	43556
83360	59384	12804	81584	32340
14785	47062	19094	56677	88448
63302	90487	28254	27296	9867
76405	58123	48901	44017	79630
97754	56712	83572	65789	99261
84659	39501	11090	27589	87492
81548	29296	52699	56457	57530
12253	72327	24781	64970	10262
26887	50702	89874	27006	84532
20710	54420	24601	4834	31252
36575	24004	93066	84778	76726
83331	48463	78087	10931	70455
23485	17804	5018	71532	35586
77847	38130	2860	33048	56233
27371	46074	75498	82113	9794
90391	7098	87815	43498	21522
91043	86134	21487	28441	9811
84619	57889	19662	67101	69258
65680	72464	42373	29490	20318
46045	21316	47547	64101	20557
47831	49237	98656	1433	15691
83136	76859	17371	78574	7492
12331	86127	49984	2942	2167
10159	60619	82768	22522	66011
50807	61134	74859	5399	94156
75222	86261	62978	31738	31765
81683	19627	42244	69864	26371
84895	24665	3323	86771	4092
36378	35483	66332	40198	24040
1518	14377	22235	99345	99640
58171	52289	38608	91734	25168
57042	17304	62959	28593	49407
26322	84175	23120	1286	15139
60375	45596	82763	73450	47667
60556	71955	39236	42990	58544
62261	88612	48666	39798	88092
42852	84177	63639	3976	77808
37121	39012	83778	20912	9276
85222	66730	81378	37505	46221
95526	36749	7111	22679	14456
3802	48089	13631	69426	9863
99897	57516	77919	97946	93700
41211	58876	68602	63833	80191
73689	17150	61255	38987	90866
21938	19722	32431	67136	18707
98275	18970	41632	50916	25311
24613	47145	93941	60643	43825
17823	90965	43946	11798	85517
74221	9687	35937	49579	36615
54144	95307	82396	55040	16204
39310	43832	30756	9094	36208
366	69330	49692	96535	95785
54326	24166	80804	35931	53376
51833	39026	2773	59834	31464
74961	57015	32982	5374	60293
23974	15799	29929	88364	30234
49039	51440	59935	5875	69720
97295	79112	98503	9946	380
89332	45818	92742	92052	34721
52823	56881	32832	66934	3615
37805	69387	8346	88830	53433
63784	1501	93546	55709	25707
21132	35871	34196	90224	52994
81587	97910	98696	20422	26581
78989	64564	78752	80805	37695
96060	97890	59304	82656	30640
95350	46614	4575	77596	67613
44883	8950	50079	91675	91008
63276	32320	94986	63229	87880
35416	70680	9833	45896	12945
60400	52016	78424	13376	67957
57125	30948	72765	56568	32336
73851	74444	86407	9851	59104
65694	96477	69086	81136	93229
23942	51439	15467	23670	58940
85516	73311	48553	84218	12687
85225	13537	92828	96256	70978
8472	3321	51844	75531	88249
19285	67320	69191	31739	85977
36536	63028	4080	41195	74423
71684	83821	10576	75649	37704
31291	9735	91511	71828	12407
66245	60057	74187	8323	62947
26009	54889	46800	25146	7032
57079	25415	6517	82962	10603
25279	72699	19376	57428	51536
9193	25103	12059	23533	96740
94380	42490	75893	47653	17188
61703	54496	55405	94942	93709
88254	97418	34339	37985	24437
49597	99012	77487	89435	2852
60460	83070	14377	59182	65889
53580	45073	50377	93608	25815
11879	72522	20321	84299	78463
16674	65606	81805	82332	61979
38788	96671	96945	14120	90112
28433	56759	98949	11557	14268
79199	71586	12163	98103	96793
47210	70569	48160	31247	36346
66623	31164	23585	94571	50628
58356	74385	34897	67926	8437
57227	7798	43130	7033	53253
80711	63430	89161	53922	41659
84538	94865	86732	730	1988
25051	4711	15585	12362	66406
96406	95481	10220	20383	86560
71526	49706	10654	24126	2772
29810	62606	86645	85085	20456
83208	90061	52292	73747	50188
64390	93769	87521	23443	61618
80190	35422	88033	8221	11230
85356	5669	92189	76585	25896
83752	92854	8578	12154	46400
99931	13051	37458	91633	87350
72001	43598	31683	66758	54519
25929	94698	65676	98099	96054
24895	64197	99614	39808	72409
46944	38531	33521	57073	44156
82247	85491	87699	81656	82945
93370	20055	67587	16310	58140
72021	751	40027	57554	73796
82795	27278	47461	87005	3704
23851	34529	20187	59801	28673
47648	45475	33597	15429	25553
33284	22457	9839	34066	83029
76061	78156	46551	8874	68118
14577	25679	82492	32073	99687
37973	95676	72896	24466	76977
52043	52760	8703	98922	82600
92308	16887	80141	29275	46459
76699	96242	55302	99232	92881
11382	78830	81862	51038	30683
15200	79060	54085	19188	76152
15595	90594	13527	76966	23070
55676	62326	10411	78307	30821
51868	91532	7162	86778	91506
87180	81371	98049	30971	21374
1529	44578	80981	549	88404
76191	24906	10479	28277	65160
52640	27769	84826	86945	35700
92307	86221	44447	27571	9831
37790	11224	34771	83067	24937
67040	39084	59341	49670	81939
84828	76310	94999	14975	89907
96608	27712	18369	97297	16778
52164	97301	60050	21057	58884
5715	76111	45169	75466	91267
81288	90550	88549	28765	86202
57688	7299	940	38871	36612
7429	4545	50466	33525	87874
91566	15373	44695	67930	86855
9056	1130	13333	36094	96958
4828	92647	34043	92420	91281
93539	17457	40893	66828	59386
69006	29852	70237	7332	58013
42593	71874	54319	41612	61168
4334	59319	56970	59510	26353
35804	12492	51540	68211	15111
68707	30583	37292	12011	54628
34280	28737	75017	56158	33962
75606	74299	8602	64741	53775
6011	32747	17949	8176	86675
97197	33622	79263	55280	77272
63191	392	31932	51784	89358
66010	10981	52673	28131	37431
97510	39074	20673	19299	14425
65368	41641	41131	71297	17780
81514	77877	92584	90038	55071
10143	63930	31967	6008	62733
92767	44410	1274	77924	50302
76681	73706	9621	57472	61524
46281	14281	90090	91463	5244
92035	71956	6213	60091	87366
30723	23468	46242	52569	86501
19141	57089	61727	43583	10257
89984	94371	93078	74245	52493
16419	7458	20972	12921	67290
88743	31453	60484	89471	99015
13788	939	87372	46317	56825
32043	86078	90932	80419	49564
65614	6985	44908	34847	1439
8221	37064	66167	41553	78104
83988	17428	60489	9641	89244
46978	72287	74742	20020	95642
10852	39655	43152	17195	76927
46453	36237	19900	26206	45169
85660	60267	34719	89925	55391
77311	71577	91644	49482	94792
40299	13353	60849	3565	95121
41265	80584	34895	2385	25570
59029	44296	58685	81874	96203
44404	44833	58462	52269	25936
61982	77087	86220	44608	88797
45450	50805	2190	61914	39236
50971	20080	39484	48259	90591
60945	56281	46432	59609	22543
18848	83049	36755	79182	2990
16255	22699	37282	34355	8999
28163	58740	35469	71752	57083
9776	52741	22462	20400	2044
76964	68299	36844	3340	75412
30150	24835	40616	78714	40213
67533	1961	17392	6610	88469
49020	4000	32542	9477	56234
24973	38284	27794	54126	11716
2707	87927	74790	91396	49204
66007	41370	38271	6493	1462
3186	41120	16496	8821	76398
65409	11117	9085	17735	33146
8348	75662	77365	45090	82351
79814	89054	42411	51365	95856
98714	7181	61342	85280	35990
91520	88529	95367	10190	82114
84042	5147	39956	88047	93724
57534	93094	52493	93750	41778
16245	72128	91655	9834	56355
61601	62370	24276	39305	35271
6493	58266	88190	37019	60272
45958	58196	72459	83659	24687
17770	14003	91573	21015	16036
81086	60662	46209	10568	13924
47903	95572	380	40599	77469
99390	66841	63504	77402	39262
37878	75844	29391	24363	63337
52735	61292	93834	92434	74175
16695	88906	11812	45464	43747
85048	90608	37333	5022	26646
87958	7175	29023	29465	39053
9760	58259	61674	53049	74035
83023	33185	40094	19844	85483
21551	28124	27782	4624	77167
16693	15151	200	46120	76413
97546	36942	97895	88273	76836
48224	72646	19751	9205	34332
60598	24046	24901	51024	48792
32958	46906	8890	5742	59474
33591	76805	67955	59020	25250
90629	98558	39506	21043	29965
68606	80357	30527	30882	40901
32148	99452	85252	54500	73474
93234	21805	52358	83131	22784
92373	53639	72438	16260	73960
78220	34824	30151	8713	84946
65114	41880	2115	77559	83331
93648	56717	64737	27211	51782
54197	80004	99383	43120	3170
68644	90810	66256	91682	31254
24031	66380	23793	20444	1898
26324	1542	89606	66594	11036
25481	91294	50353	13668	62557
47633	31975	58025	40626	59885
95653	21197	89170	31012	36742
96535	134	25653	60403	67312
32279	52360	72709	91268	68607
87910	81168	84720	60152	5414
43755	55205	90020	37987	19450
30050	38238	75249	93142	41036
93104	96291	1801	28688	50664
9101	8170	61043	98717	23543
83379	28492	6149	17539	61130
89265	8282	87193	85673	69101
84260	25651	9443	77914	70091
70107	15717	55511	62956	63690
7420	84436	21379	34541	26207
30138	12705	18232	76213	71250
84585	73010	3840	42326	41617
75209	84530	5812	64540	52565
16690	15328	93307	41878	39249
23014	44031	92161	41120	20826
20274	61466	14898	79240	78079
97031	81233	44651	8038	35165
9126	9578	95995	11052	75064
56797	86316	96476	8762	39340
14076	52040	22486	95815	52820
1498	732	65762	85683	5861
58494	33189	55495	83108	80655
4921	76073	94589	75500	98529
89679	94926	87998	51784	40580
27481	74792	95382	77167	56853
4055	34239	89465	79540	47924
59252	20341	70770	8901	25259
97234	47404	35491	74677	97819
60409	1149	88711	35669	1557
19671	29320	43344	5339	84794
9655	2364	65482	72877	16582
44294	5016	87207	42916	96433
9796	68754	34950	97553	39735
73676	9315	91394	58840	47307
67378	7628	9047	73874	97705
73717	53815	40651	63279	37157
97656	34123	72265	31422	60366
72554	33359	91968	48669	83640
28321	52201	24629	71915	59475
83197	33709	94364	4421	62256
23594	46790	14660	12028	89508
12143	17316	73993	75089	51153
68786	53845	41708	63571	41673
23954	45286	90905	36360	19816
35639	27220	77442	5291	43344
15960	3746	35173	24551	55817
54482	88360	49075	16559	48008
37512	86214	11252	18376	5963
37613	28459	40093	99394	46751
31187	80763	23670	81479	4208
56111	8495	67940	58519	73606
45077	38418	1615	12491	26647
37391	22530	62176	97480	80676
28637	39925	29045	95725	93253
6098	28810	36142	54714	86917
15361	51538	13346	74423	10103
68335	82149	42605	85358	20825
3269	73361	79454	64800	71876
64999	65560	35636	1039	98177
36823	50053	82427	37202	55119
41799	33797	75861	76722	95123
21451	93592	77481	81618	25559
35824	26009	39450	30456	5290
33054	80993	33617	49699	77153
49891	18441	40444	84918	31157
22132	77438	12409	25803	66826
3475	22676	95436	76861	79788
75043	58177	88079	85924	13120
75439	75637	97478	46363	94382
81772	9600	26715	46093	5640
66953	42202	88261	85180	79293
85646	24469	1281	9667	90454
77398	54347	20003	3302	31887
18927	32945	78139	98815	13385
64917	45672	2223	37724	67247
69253	91239	32231	96910	10099
72618	8943	15318	59740	86961
54182	59340	58503	94053	12234
11350	13913	94889	25746	23308
38074	96619	73998	41548	94605
77534	61347	61825	18769	23986
89330	70731	24859	53159	79723
78621	76650	64996	17370	63768
72937	43293	69899	74533	57207
95340	71671	1630	88209	78515
4018	64264	51459	95562	45378
79857	60454	73288	87583	76591
19396	14913	59868	60063	78353
83250	13339	20834	17016	80794
63223	65187	9117	40132	10488
24802	99686	71708	11400	1901
5344	87476	53610	41101	33573
12199	90980	45732	35241	46759
48904	54121	44776	7071	83805
18811	79351	50730	17532	51718
60036	5658	64850	61769	51361
70006	48305	79562	54716	53024
86282	84886	14141	30858	29909
37606	11927	93128	85662	69248
35066	92582	24052	5697	53127
64922	25581	76524	30651	82006
27238	50913	14822	24541	80900
45250	57274	46659	38118	28881
81294	37557	54476	55546	24965
15606	6112	9028	99689	90248
562	73575	6576	61805	27055
57384	76955	49449	82604	84624
44404	11159	527	67409	19845
89221	48751	36256	15251	15888
74399	48663	6932	19932	84655
870	61093	8795	58442	17028
75116	61115	57366	84584	39713
21586	24131	80634	3023	25722
65067	18502	44448	57811	24562
89096	72216	50233	60913	93443
7569	23392	15718	90379	6614
32686	83473	53461	66617	45304
85880	62410	21825	32519	18914
5498	77318	92578	99688	95781
26142	30884	33597	50781	48750
48334	77261	69650	36318	39442
77326	60190	71191	56010	77652
47207	99522	40597	47654	90205
45422	51652	38213	6617	37101
37649	46541	44657	21677	32761
23638	73169	25639	68139	79370
30380	20498	16955	26534	31445
73010	78197	6490	42971	97154
11958	35998	11750	80694	93303
7363	84385	16786	59034	51936
58070	34192	59013	93416	72592
10247	9230	63955	28499	48860
34532	36800	14835	68594	42146
20330	18424	40079	43888	50097
76678	27421	79853	76842	53368
40819	91660	34892	59091	94615
22945	39640	29655	30471	82623
19741	64473	72510	83889	64816
93688	8721	39496	6484	59489
83472	90388	12077	88273	30830
6216	30303	44250	2044	70947
38450	31002	38632	13736	21068
33731	60428	24702	54601	11906
95369	65752	94678	63835	92005
63093	69487	19234	92644	91714
18826	13741	21892	38991	27441
98752	86	98817	94486	18980
67451	90907	33724	69113	75253
59314	85324	72198	72153	10321
31668	41469	57099	28853	42226
83138	3548	86520	25253	758
40534	14532	39531	66441	31967
33977	79878	96669	86386	78737
65852	23898	61786	98203	61244
3714	74934	87762	4047	49172
84955	53741	7505	45258	54953
33322	2072	29765	11126	36084
60804	66358	86925	43907	32283
50638	36338	98032	23898	13313
39551	49076	78624	87118	34102
1483	41277	96036	22679	49305
84104	47699	1013	35170	15730
28388	16010	98574	40089	44827
21505	62277	46070	39044	33233
12334	26434	17273	44102	73787
72020	63439	41386	45002	15725
33264	83638	84058	6291	38284
18249	74156	60769	43192	5021
75338	55817	41983	74903	65138
35372	68730	77610	11879	9083
93904	22470	98477	75878	83293
52947	4951	10513	64128	48195
39892	82575	84184	81464	42690
73637	60062	21733	42347	20331
44744	86045	16797	15817	40653
37762	196	58641	79989	92903
83128	68736	15859	52490	34476
69155	83422	63661	66328	36366
30909	36952	6320	87347	14823
79602	24918	42006	80390	46831
57061	33651	65423	98153	50869
70379	21320	70745	58465	28873
15672	64737	55978	68464	50569
98529	71182	55749	52012	49057
27542	96512	4568	80885	92255
7983	12924	14526	85616	15402
12479	62859	98423	17550	65077
71762	23242	72346	76805	55746
40625	10100	61247	52519	43474
79493	43511	26461	59493	72974
10917	96312	71424	3183	84106
9377	3619	8508	89326	20439
27712	78212	37898	86623	25902
31698	22484	66496	42444	61981
49154	49594	10480	1550	9625
97287	5877	59263	36610	88921
85193	48213	73325	91638	74044
69489	99003	13135	40696	76989
82597	39694	30092	81286	15425
80161	70356	86467	68729	58233
11181	72868	99802	66860	85966
64777	63416	76427	55380	45500
3198	64854	43001	68824	4236
2327	18584	25412	17840	14606
53500	52726	68444	56248	4668
69141	32458	90797	91182	59610
76521	14530	95980	29427	67475
52458	708	98830	25939	81880
43620	8816	79317	45845	18044
84132	8897	48338	38770	91070
67106	15121	69209	58583	1781
18694	10915	22102	64609	51331
32467	72307	88219	65291	57429
31342	95356	71644	24236	87154
76891	50270	11526	38363	46924
47106	85233	24497	42896	63485
617	52335	76834	66344	15297
92142	96874	83845	57323	60463
61274	30165	66451	25740	80553
80203	65500	86326	5292	10226
91404	93000	55891	77202	76465
73285	23423	33319	55260	13122
92554	8422	60450	91728	46487
11108	83332	76585	95326	94528
48284	66070	71630	98041	10622
72321	72538	79269	41853	27980
45506	57298	44082	53167	70100
3020	94905	38479	88749	29353
68820	79126	63334	59324	22179
18279	94788	52345	12010	50783
54124	41262	67086	82789	28812
78949	37652	21159	11243	27442
90762	9522	30227	72553	13813
67653	75157	91321	13100	75139
88906	794	76186	58540	67893
28713	48465	29263	4935	64274
87472	86010	66980	1155	5975
54866	62546	92301	25413	61389
16909	25282	30147	60277	96548
46801	30530	8346	87754	37790
92138	17110	40858	76277	85247
62165	49835	73178	7702	5612
5805	83928	25947	14268	37738
31801	24086	12397	11257	36190
56845	37200	89958	99434	63682
83055	83647	30228	77210	98369
63471	67027	9567	23318	92091
15573	32439	66794	10554	17114
9147	52824	93679	92438	64509
27493	56033	46304	90348	37009
95647	72084	934	2159	28021
56125	9363	87685	48265	55140
73727	39258	1132	88938	3274
53347	5785	15405	31886	25232
41887	47598	28984	44307	99140
92197	93489	77975	68495	82436
89764	33743	52856	23644	35084
70315	39464	37611	16380	33913
53903	38887	42318	9763	75727
71107	65756	82381	85661	85616
57161	78357	42479	18070	81266
60954	57754	68494	57311	16165
79636	20105	41238	38741	82688
77452	95401	22242	99082	57070
758	72250	63307	32601	53038
1844	52507	33660	34190	98197
49248	49783	21918	97455	17957
67334	28954	95317	52977	61540
85952	52682	95284	70282	25467
33078	69116	65439	95396	17043
41014	58783	9017	74719	83587
52797	25295	44522	55610	39214
86065	16655	58065	39861	46215
64027	24780	66886	24936	4982
90123	62694	31812	85550	21455
43176	44771	73624	22453	47674
1744	56210	31004	57410	61085
85155	29018	19571	75889	27782
24083	46687	655	63863	23878
91760	74486	32130	67212	67007
76420	31504	31256	72054	15313
88657	29895	66671	5759	34221
82709	94205	31104	93206	37821
52160	46573	19198	87400	68595
80448	87903	54020	47203	30332
34606	19345	59003	2130	90508
44967	86457	52224	56095	78739
37878	40348	17711	98010	66495
68235	4558	87359	54489	11287
90990	26986	83652	26688	93005
31390	84896	39095	32879	73164
6652	32556	15561	63198	24802
51356	44677	45614	82454	99611
25645	20095	43188	42941	22620
50207	75690	82785	55550	51559
14886	55896	71209	95729	8928
87915	57352	51838	62006	70302
58329	38426	47994	55621	28810
82116	84968	5021	100000	55462
11097	7739	1849	48537	15370
46574	91532	98098	87822	22083
26522	19053	13846	23365	75297
11314	8473	62866	12293	80602
4012	57363	1215	89083	81605
3834	11139	26538	61922	7868
55291	35469	18036	13154	30677
67794	97220	8567	3486	61544
60694	59571	45524	37078	63897
68717	90750	49209	86460	24389
61466	95684	94910	58393	92560
66814	42414	38615	15869	73808
59500	19176	53656	98969	37794
74131	13186	71710	49471	47192
49515	24534	42469	56571	22820
86030	18214	14297	87164	56214
63306	29010	11805	68204	38827
73791	95039	90161	57925	86578
51880	451	77871	85807	35110
42167	91696	74476	92221	9639
41004	62421	70343	44471	59621
78921	53693	23826	23351	74853
64491	93776	88088	78979	36590
69	59007	66061	33855	53584
62802	17829	34759	37787	79471
85447	24273	9236	92382	30854
2044	20746	27945	61769	34276
42042	64059	62259	12382	42879
43176	47743	95513	89153	27364
44468	76429	86151	66411	64774
50434	64700	40150	30388	82889
47310	38081	95055	46124	25443
26612	77041	8198	93700	57734
74499	53608	39390	10708	98993
54426	29469	87372	15387	83653
61898	7701	93677	70517	51986
52746	40731	23226	23139	88880
32905	93699	44653	68453	47055
46106	74742	31781	72034	45720
10822	84371	32087	40062	59256
48127	3595	369	22708	167
4786	56374	55339	73434	51925
18989	25055	85142	14773	23356
88100	92933	84173	53695	22610
89107	13035	3997	48327	63654
1005	85787	73919	23675	83992
80428	18826	15702	2689	9958
37992	39453	97406	65868	54007
59169	90091	11853	59896	88390
24106	90921	5139	88387	40987
85109	42420	21099	99900	94348
45663	48102	95824	77804	91034
91096	36724	73386	39712	60055
80878	32912	45579	1711	65993
48235	21985	87581	73888	73190
7482	19348	64436	14644	43102
9281	74638	19601	74972	97439
71905	56295	88531	99087	64500
45495	1436	68342	79749	20457
39958	77002	79127	3414	51256
43340	9499	27000	63722	20033
88936	34004	36674	42837	64299
81587	13605	93125	64480	22065
26721	84336	78989	88686	92454
76815	94361	41697	28875	47091
18305	44233	11990	35473	10649
88350	69381	72096	28920	94953
47973	40573	88426	63195	86656
3748	69187	87830	21012	96410
17490	71059	95078	67910	73417
57568	6231	99680	57170	13497
9210	22994	18419	22234	81407
30884	98277	5678	10611	58677
68680	93681	16031	30459	54255
78635	38530	49534	39588	83107
26708	27458	6162	38728	71578
73023	38690	43206	83593	66235
950	93228	16309	3906	78416
94608	8176	2255	28869	63654
39425	9074	95438	76101	17500
45543	43813	9085	59956	14436
38247	27911	35417	39914	551
39630	38209	38825	3311	91423
43604	20718	64390	77634	42093
84292	95156	10251	14536	5520
93215	11197	96807	52558	89754
46813	76156	30211	87623	77297
1121	30368	6574	86100	91528
34632	72188	66715	88476	85633
9210	62208	78714	27203	85437
42847	45735	54022	4514	45575
6909	11989	19536	4844	94254
91720	29203	79931	84638	56347
709	17196	91167	50384	299
41194	24677	95099	77945	88158
71097	90493	50712	6784	19860
939	35826	63740	11734	34267
36836	21408	30847	18902	89467
